5.224643347085434764e-01
2.369648314022143598e-01
-1.266852074479006551e-02
4.415405023103043808e-02
1.494586874203326227e-02
-4.857306040067601444e-02
-1.529587137959374094e-02
3.513507489086546698e-02
-5.793208941200608808e-02
7.116597684753310157e-03
8.570764712278504394e-02
-2.572980156177914202e-01
-4.133301280973347147e-01
6.601656380829591664e-02
2.557226335599464828e-02
2.232762658987363230e-02
-7.328272406990351401e-03
-3.469564196561670394e-02
8.216393356578510776e-02
-1.141530744172379597e-01
7.144848589138365347e-02
8.593998520688457890e-03
9.801377235660186926e-01
2.020403572786711247e-02
-9.680341901163224197e-03
3.306105538939799887e-02
-3.818205949691949510e-03
-4.675864271171756119e-03
2.433598453689258742e-02
-2.580329431608591878e-02
-1.216565337773455220e-02
1.101179205051055175e-02
-2.683644055401553791e-02
-3.082309542799592690e-03
-1.922133748395472852e-02
-3.806784909228899758e-03
-2.494733670550635177e-02
-1.292108704491671915e-02
-2.414487670845085615e-02
-4.726304825413432664e-03
-3.867814210893296550e-02
-4.454077477771120619e-02
-2.394626276417735969e-02
-2.314416885488143963e-02
-2.964004307743862282e-02
2.206608093872386434e-02
1.278822724175459474e-02
1.700053472962455292e-02
-1.140481298783419528e-01
-5.248595420618195478e-02
-8.390049221628227694e-02
3.285613008017903569e-01
3.773239179594163606e-02
7.638490673326635283e-02
-2.299130916047600198e-02
1.088696944532747124e-01
5.154497663602220642e-02
1.228508988469586005e-01
-4.078726882983487179e-01
-2.886127358748158053e-02
-2.190927951453409128e-01
-1.338381010197355059e-01
6.733220536945162815e-02
1.481934031217868875e-01
-4.502108764841712685e-02
5.305397003942412260e-02
5.535490392753113914e-02
7.896249795344137401e-02
5.376369105974798668e-02
3.246925673701852588e-01
8.362955896573551207e-02
9.025706225137186331e-03
-1.816560444399024921e-02
2.789568506798851821e-01
-6.289724442842209440e-02
-5.239396740861518298e-02
-2.503219935309165117e-02
9.142214709718817639e-03
7.777979197872487982e-02
4.459133960832652871e-02
4.325675449447937554e-02
-3.632356217462245906e-02
6.250373194070549254e-02
-3.316394310391222039e-02
3.908397756665449307e-01
-3.284485984699592187e-01
4.100606091419053273e-02
8.376359188480467233e-02
2.338761165271952772e-03
9.176186493330933114e-02
-8.230202864779800551e-03
-3.339270439298377274e-02
2.601155942165638696e-02
9.098263516521383210e-01
2.138753456587621365e-02
2.657688356928352216e-02
-3.998388771568713723e-02
-9.559666393504331200e-03
-5.993224960314718491e-02
-6.269106411764689690e-02
-3.391970045828582303e-02
-6.118364274343648379e-01
-5.809862439279851049e-02
-6.543506160754179735e-02
-5.435922282018314927e-02
-2.711824812279502867e-02
-5.445930666828167205e-02
1.618058365239818386e-01
-4.185846962011662842e-01
5.457275636460168222e-01
2.822369786903928049e-02
3.834918224955237431e-02
6.388494483290135806e-02
5.145112141242835779e-02
1.546706787391390753e-02
-3.930183579635530139e-02
4.353828417399997763e-02
8.989148249328750284e-02
1.172097156701561345e-02
2.529879298928939257e-01
-4.029526545180692892e-02
-5.439087542675705156e-03
-2.877132844083988075e-02
6.437781729575652034e-02
-3.387881913814821955e-02
-3.112998699425162732e-02
5.476860749530402389e-02
1.543143839046937638e-01
-6.227828045658120870e-02
7.776191421299827496e-03
8.312870156727752979e-02
-2.811026755412661393e-02
-3.822993518274268171e-02
-4.544874735158283691e-02
6.452287579227897196e-02
-3.740793443175924327e-02
1.158468394327132195e-01
-3.677891949642146385e-01
-2.281191361947722263e-01
-2.203792048132673098e-01
2.108590691296620412e-01
1.272742100154893585e-01
1.412113806512060310e-01
1.747369098858210512e-01
2.298231580149598940e-01
1.256854935113134175e-01
5.468139892975180938e-02
5.783163530012917254e-03
-3.210762651194602052e-02
-1.204864667119926597e-01
-1.022850047196634943e-01
-1.534876906300839672e-01
5.793974596416973100e-01
1.418683472295229064e-01
7.631865307922228170e-02
7.795278141266826465e-03
-2.318730628125021398e-01
-4.931358298264399420e-01
-1.824301915502823390e-01
-1.944782488530669151e-01
1.417928453637947173e-01
8.100890942273711315e-02
1.117561070829932272e-02
1.544940918004711339e-02
-4.446607687184676340e-03
2.138944916584780559e-02
2.866319563291151035e-02
5.219480336023075984e-02
3.421332440906566519e-01
1.163025148016304938e-01
-3.829480336598403700e-02
3.316127843802466058e-02
4.762739846948751965e-02
1.487536446677732889e-02
-4.622091650827871850e-02
4.204580730679729345e-02
5.864578197984107732e-02
2.111907732472015908e-01
-5.250892196825576730e-02
-6.336098379572992212e-02
-2.687042733272331299e-02
-9.002161939770379415e-03
-2.607523525040674611e-02
-3.911866555024225839e-02
2.642528720060011941e-03
3.824458783116353039e-02
-5.245107472394155285e-02
2.480018110764706067e-03
-1.324593098828859457e-02
-1.515226361478990424e-01
4.259837767925698376e-02
1.008319100468319136e-02
5.101020930956534638e-02
8.837614674763720479e-02
7.177619208960261954e-01
2.629773415765430597e-02
-3.500672963761652240e-02
-7.941171643925779011e-02
1.241016718339624930e-02
-2.013911867007006987e-02
-3.773359135113624196e-02
5.882919535671937705e-02
-4.291002275294596990e-01
-6.319894705003900603e-02
5.250667442085305697e-02
-1.075734716136690916e-01
-3.092153215717676970e-02
9.212575928218701138e-02
1.064248994121221453e-01
7.350732523512876204e-02
5.102015896765433461e-02
9.880538796434615301e-02
-5.030376314101317470e-02
9.421825906967537523e-02
8.690652270303828031e-02
-1.274289811934236835e-02
5.835291468772351494e-04
5.585655624494294952e-02
-8.425181644365600797e-02
1.020194324989510404e-01
-5.012475739305382455e-02
-1.181105636924050101e-01
-4.463132142672995850e-02
-2.696293800338403143e-02
8.218262044316718140e-02
-1.952153620923467725e-02
4.298223844162502028e-02
6.110727406641610487e-02
9.779916184192097295e-02
-4.399937988359261393e-02
2.809276401132713638e-02
2.870751774421416436e-02
2.495883392700616252e-02
1.774469273958551030e-02
1.634954369270501251e-02
3.352744217071382260e-02
-5.140740039170470232e-02
-1.258973465261286652e-02
6.412729781751913549e-02
3.047078949880974164e-03
-3.301393749002407563e-01
8.578213491579128602e-02
1.106234529694890695e-01
-2.061367527410700590e-02
-2.384916437527497268e-01
2.194594488892650797e-01
1.064336207018198588e-01
1.042118084852913795e-01
1.808504884811744026e-02
-4.163772322168236839e-02
-6.293982992000891896e-02
-8.543149482272235917e-02
-1.199469447686904028e-01
2.705424822322572975e-01
-5.900584045359240359e-02
-4.594068079678363392e-01
-7.269998589604635686e-02
-1.107671416041327433e-01
1.617484247236931644e-03
8.930069036357422829e-02
1.175881529583577417e-01
6.481684873612936215e-02
-2.704696170561055393e-02
4.247592811769573123e-02
1.570086744778947940e-01
-5.979925474801620622e-01
3.764272574778042002e-01
1.396826414837639974e-01
8.029590527832021485e-02
1.685927664535792625e-02
3.762483801955364589e-03
2.515069529581474492e-02
3.569856405959090373e-02
-1.938338122478113976e-02
-5.229606000151497402e-02
1.610193577594895911e-02
6.681253825116735545e-02
-4.556834344822698751e-02
6.626846039796050608e-03
-1.064252206027048279e-02
4.933719780764739271e-02
1.483380745489455699e-01
-2.463498374832933865e-02
-9.820242640460491793e-03
5.240407827120453083e-02
-1.057920236998321746e-03
-6.061075779044949180e-04
-6.600000873340217122e-02
5.325817636081939255e-02
-1.064666972666791223e-01
3.446045256995072803e-02
-2.764146705177214156e-02
-2.241334842300875541e-01
-2.124431567124578091e-02
1.130371681417411678e-01
6.697648932307913583e-01
-2.476683949638677426e-02
-1.079774202521084289e-02
1.766270406808769650e-02
-9.606603779620427261e-03
-5.886533463442454595e-02
-5.926914742466410368e-02
-7.809229270314929638e-02
-3.386554099184213573e-01
1.138756019047853021e-02
-2.496745148487637955e-01
3.179664058041487690e-02
-2.433825757659783401e-02
7.401166676484481621e-02
-1.880222582025736083e-02
-2.588885800003522253e-02
-5.831294571338548755e-02
1.151501050791146064e-01
-4.624637083577660263e-02
7.504491271549662557e-02
1.840374305252433507e-01
-1.115035283685120726e-01
-1.474973584735259635e-01
1.922465285615235914e-02
3.820450019950971665e-02
7.392951877061926594e-03
-1.674873163815360777e-01
5.137899287069827570e-02
3.810333813824696297e-02
-2.802376603117249804e-03
-2.106498477815866785e-02
-9.733177087207145473e-02
2.386623500409614396e-05
-8.084394125081154070e-02
-8.273438403325381052e-02
-1.130180151509145858e-01
4.554769547386612605e-02
-2.217298766812970251e-02
-5.245676420103843191e-02
-5.860667155930562866e-02
-2.340897937325762956e-01
1.393563226885636067e-02
-8.157886683462687097e-03
-1.394906599294291720e-02
-4.046478723580419767e-02
-3.745382366444618971e-02
-3.794999258147063737e-02
-4.515496205347564046e-02
2.079733335996917024e-02
-2.745894101711125398e-02
-4.072482372170493914e-01
1.079554148729315877e+00
1.502745816820286739e-01
6.543516151209539944e-02
6.999238862453625865e-02
1.079356757956732513e-02
4.895920914266586876e-02
1.110479987157842775e-02
-1.144284335396302150e-02
-1.562094667709813638e-02
1.914346214344561127e-03
-1.445700014089584329e-04
-7.415089838766348619e-03
7.186829854524883626e-03
-8.617961457947600351e-03
-4.504905614413937803e-02
-3.505949181574514323e-02
3.105335737774323271e-03
2.492394910475649247e-02
3.210617819596993383e-02
-6.853452103342133356e-04
-3.261344348141704489e-03
1.974622218547483071e-02
4.965928123583841086e-02
3.340028673950329319e-02
2.541391190491964353e-02
1.210950508966732869e-02
3.881415208697436281e-02
-7.569345224283198503e-02
-3.289710541361866303e-02
-5.234724732316521634e-02
3.592252159542976275e-01
-1.591387230244045714e-02
-5.815750578740494503e-02
-2.195121466417935402e-02
-5.482003609252222159e-02
-2.040590550667083225e-02
-1.831757637045503678e-02
-1.067678874244111509e-02
4.035684485312811091e-03
4.069061741917490149e-01
4.594303222901386513e-02
3.169371047136643194e-02
