4.657872183937815380e-02
-2.154561321493482159e-03
3.092715627126923095e-03
1.775132242121871609e-02
-4.694714856895219196e-02
-4.624732232733924468e-03
-2.106296027600830512e-02
-6.415884629190393706e-02
-5.606185888348482610e-02
-5.201513106926572427e-02
-1.726513032086717664e-02
4.416901984040251528e-02
-1.339766498962312868e-01
-1.009350747966314549e-01
-1.052436340114766417e-01
-2.059530402844591990e+00
7.546185402840013823e-02
5.462237045294989629e-02
2.138577090192091967e-01
2.486116731329219010e-01
-4.726568544435966190e-02
-8.719085039817886518e-02
-6.767314802232068938e-02
-1.024896735472487386e+00
1.389966691124955300e+00
1.486437352579025872e-01
-1.536436659821684703e-01
1.279178016325367706e-01
-2.986885273097689315e-03
4.589734737643536705e-02
3.156815066045279283e-02
-3.576545701215336215e-02
2.077596146427319601e-01
-1.113599395914887324e+00
7.521097743202206365e-01
2.756930126081122423e-03
6.606010463523002973e-02
-7.287872098631315021e-02
7.727255211703409898e-02
7.235772413211807863e-02
-3.911828554571769589e-03
4.069603761773623457e-02
-2.142330262916841005e-02
-5.327356382394855816e-02
1.108547783932415931e-01
1.973272264903595807e-02
-1.080003071424966848e-01
-5.798831891801799893e-02
-5.173992084243959205e-02
1.793723527890285496e-01
-4.564121657554645051e-01
-4.626769691883869662e-02
8.191989559353661521e-02
2.007658463073951072e-01
1.521220989039276383e-01
2.350768506428443927e-02
-2.648663055867595331e-02
2.528393429821698124e-01
3.613273343711788377e-02
1.460330066760807260e-02
5.135103896895878289e-02
-1.468560986839480796e-02
-2.661226147342236198e-02
-4.693836070804193079e-03
-4.592757050672134633e-02
-1.236116484697299955e-02
-1.126157358686041832e+00
1.238327514793529371e-01
1.406433521419052368e-01
-8.808436517771800478e-02
-3.353654200467181407e-02
6.953499964388069055e-01
-3.543685597644798124e-02
-3.136156622063732691e-01
2.589151342769447917e-01
-4.560437287523810834e-02
1.604827676428816075e-01
1.367293820096594781e-01
1.545643187674814178e-01
8.102206914368820234e-02
-6.791025552139175192e-02
1.251244834221915680e-01
1.474540136182139402e-02
3.781957147981839656e-02
1.714590161248809030e-01
3.146943918626902287e-02
-1.129230336275881819e-01
-1.949195278730839753e-01
2.112999077125139458e-01
-8.335184553426723542e-02
-1.982166567185602302e-01
1.736684585074040610e-01
1.457873386184969922e-02
-7.086031324069055892e-02
-1.100561284453581562e-01
3.657405088204442739e-02
3.147047628710213270e-03
-9.806004292943160117e-02
-6.988620236104116368e-02
1.977317076087648506e-01
-1.369654018749481283e-01
-1.027131468880655429e+00
-7.346616781807460139e-01
4.530142771425418186e-02
-1.608180382717345758e-01
1.425959924199253492e-01
2.800040722911249502e-01
-8.018266162275489162e-02
2.551014071153703711e+00
1.455182742911160232e-01
1.278135110550794873e-01
4.687451398305271522e-02
1.563955663429031015e-02
-6.336053079550198197e-02
-1.525218823760479958e-01
-1.486840502531140695e-01
-2.060867593038302914e+00
1.119326611531955284e-01
6.589392298906310286e-02
1.963723103097792799e-01
1.105494071155928293e-01
-5.418386557520491476e-01
4.295417598889009203e-01
1.390227640048064539e-01
2.600888744983127429e-02
2.017989548715972692e-01
4.679002223693996820e-02
-1.007860794308088337e-01
2.083329098292883153e-01
2.379584047793536355e-02
2.544051838380543273e-01
-4.884113400052953607e-02
7.768557495360325360e-01
1.611280586984766283e-01
6.592517108394048420e-02
-9.812785226873811661e-02
-5.895824291443306497e-02
-6.220271930397526516e-02
8.769190896782450007e-02
1.847091173230052535e-02
5.195497775515286847e-03
5.627302608321722681e-03
9.997081989697426119e-02
1.008722328376139392e-02
3.940554845745885409e-02
-4.571430138337227028e-02
4.015780943854637547e-02
-8.837069194580569886e-02
4.462084171994429305e-02
-3.798594518814954295e-03
-4.589184947203667903e-02
-7.342216786438807152e-02
8.094925918287744493e-02
1.185599754547588813e-01
-4.349317670594620155e-01
1.280423258456971081e-01
-7.773390001540450567e-02
8.658350132385161935e-02
1.537583473945314250e-01
-4.439691868106777385e-03
2.048518452321309441e-02
-1.930428156866662026e-02
-6.660806669809573276e-04
1.059063772714818018e-02
-7.023643595734287842e-03
-8.403939243011649893e-03
-5.463286150638860250e-02
-4.136357155584550194e-01
6.428970574200740251e-02
7.600115505767274238e-02
5.042556336820217672e-02
-6.840992804518758463e-01
2.395409218135098328e-01
4.382778307796313111e-02
6.166377264673514325e-02
-1.541868282060476075e-02
1.039328453756405285e-01
5.316907677126565118e-02
1.180630500762437918e-01
-7.288718985464365252e-02
1.435765919916072997e-01
-9.392247003093812108e-02
2.391940651991502631e-01
4.816708726098591076e-02
-1.925794064083867774e-01
-2.038501013697290726e-02
-1.471892848154607303e-02
-1.478994729355582738e-01
-1.987306118927951448e-01
1.482031274722183378e-01
-1.616385529307680022e-02
-8.598531007563400830e-02
-5.468974709426807634e-02
-5.191720286772390225e-02
1.293272147200814036e-02
9.093471515283886586e-02
3.347162558109812586e-03
5.667169876265802653e-02
-6.936730460262374720e-02
-3.247562689940507782e-03
2.991193067203052822e-02
6.999407715225483897e-03
-1.349138608561582450e-02
8.132059139034077122e-02
-7.100237057284167208e-02
-4.788776712461116358e-01
-3.751996044776552686e-01
1.490598448629660289e-01
-1.697349729166636456e-01
2.092274208371321276e+00
1.120567161338597850e-01
8.026816283699508836e-02
6.376103958170631358e-02
-3.285230300867091752e-03
-7.148760376233084801e-02
-7.467765452156061023e-02
-1.243808208211531346e-01
-1.728426490197541909e+00
5.460455159964858196e-02
-4.158711407108333646e-01
-2.863044868091305095e-01
-1.223559927813802767e-01
9.058399844963640687e-03
-5.857163442976175138e-02
6.319679716884091247e-02
2.028268330943015507e-01
-7.358955218402719878e-02
1.771369578944256840e-01
-9.912991669636231351e-02
1.372752086845009933e-01
3.934317706727686326e-01
2.372232537438463407e-01
-1.136969422782985531e-03
8.775019512127450738e-02
4.736982642404378996e-02
2.232896034099954297e-02
-4.416448791914318744e-03
1.108778625045253735e-01
7.446524965509382366e-02
1.668193339278413109e-02
1.113984064473633184e-01
2.313065316384317616e-02
4.431261800034207166e-02
-6.904694862489482027e-04
-1.028020579153787473e-01
7.991453372592469129e-02
7.235777828259312705e-02
-1.392768071478513864e-02
-2.105619364152280446e-02
-2.802106653993280058e-02
-1.179946844482449540e-02
1.113021812013089834e-01
-1.885041475232276335e-03
-1.347541925665520814e-02
6.706449368505282282e-02
4.146001239072582417e-02
3.857944328581397464e-01
-3.075749173195960751e-01
-9.940131730189302739e-02
6.880191766792920216e-02
3.721718803751129095e-02
4.731706330507071123e-02
-2.238384959680193853e-02
2.143669508159791112e-02
-3.320963798958307539e-02
-5.977884972141076642e-02
1.601981226518583643e-02
3.266030799802764010e-03
-9.570664781919594466e-01
-4.433436985224948890e-01
2.990325137229579155e-01
-1.764139059906181433e-03
8.962205869588617257e-02
8.298001687894923650e-02
-5.917035131613704313e-02
9.943713486160805914e-02
-1.112915110034766453e-02
-3.018983463687112401e-02
3.767124065063450454e-03
3.600443102664319106e-02
1.533235558807063692e-01
1.785036110075016030e-02
-9.799476110555932484e-02
-2.830856063343586276e-02
-7.722062268975179999e-02
-6.157578418736395220e-02
-1.024168922313498375e-01
2.201285472174027355e-02
-3.949774564047430631e-02
1.938307542491096436e-01
-4.813081820465922589e-02
9.338391848580372342e-03
8.845391303538352457e-02
-4.614829861423306451e-02
9.496732334355008354e-02
-4.884654482751964871e-02
3.371429380353065455e-03
-4.802256470836889501e-02
-1.554479437547401192e-02
2.783903319576384039e-01
9.418205196797824197e-01
-3.584519128981984021e-02
1.262664686142347392e-01
1.770645542655885233e-03
4.480003941672809631e-02
-3.844827991919817778e-02
9.579856297089774098e-03
-2.357671291451269788e-03
1.517700927542494846e-02
-2.165806607991667687e-01
-4.481425182876867808e-02
2.656788023314413105e-01
1.192298500239168807e-01
6.954492641179302326e-02
5.585765879501862485e-02
4.104761597363615344e-03
1.501140662687236796e-02
2.657902758990710740e-02
2.660320279781275277e-02
3.429738674304734503e-02
-9.677596540314701082e-03
2.122372482314005895e-02
2.517320195649289105e-02
1.413463634843168011e-02
1.534707510485015455e-02
-9.464984437490921165e-03
3.745987164789824769e-02
1.025239056817047953e-02
1.480850512632523978e-02
-5.420085339858983497e-02
-3.597177312492459873e-03
2.105085902589039562e-03
5.663400736717478547e-03
4.903178449293668639e-02
-1.898740902399735642e-02
7.178898111351847411e-03
1.413932055827786874e-02
-3.249893100890966641e-02
-4.878516159166094296e-02
-2.693931469444670046e-02
1.576972972372058662e-02
1.412255632891456780e-01
2.112236703927084305e-02
-3.009105659397727159e-02
3.526329868838790071e-02
1.152753963814427858e-03
4.329905332175433552e-02
-1.264010942211405732e-02
-5.657161742383582520e-02
-2.497093063765540993e-02
2.573588273824805109e-02
2.940186598628967418e-02
4.568611144194383716e-02
1.020645939428022585e-02
-5.289588128451250953e-03
1.353109536465169592e-02
-1.193566942053594752e-02
1.072930416075863237e-02
