-1.060771915935385667e+00
-4.240990270199291312e-01
-2.860619260176930911e-01
1.048387437795423871e-01
-4.230928356411302327e-02
-1.991718101156389198e-01
-3.663961236687663381e-01
-1.457591295208417875e-02
6.556481408975756153e-02
3.436112441058946643e-01
-9.961741726424573340e-01
5.191488605584495541e-01
-2.142988579583471609e-01
1.949751886127452649e-01
9.178538098724478567e-02
-8.825799068705408867e-02
4.568861624585418557e-02
7.406087442955205935e-02
1.312422799226494186e-01
4.791567175205471707e-02
-1.415764627323542503e-02
6.537667672352557302e-01
2.883533583153360252e-02
4.464808401418322026e-01
2.323417423902719714e-02
-1.018116527177690134e-01
1.193512116280851937e-01
-5.990732887857134342e-02
-7.896527107288868474e-02
9.690180225902301700e-03
1.072159398557566562e-01
3.119616822305509157e-02
-3.091002656386264702e-01
-5.709689073972800122e-01
-3.848187098092138436e-01
-1.750399658984211071e-01
-1.961604942227899717e-01
-6.244198928501309108e-03
-2.295134819744222565e-01
9.255244724690328550e-02
1.336762124938072893e-01
-1.976740512480684719e-02
-4.343433583787520424e-01
6.501658460836621245e-01
8.403732650193868059e-02
8.636563825401681604e-02
9.751505929419283791e-02
4.795139685806089347e-03
8.097948669789516163e-02
8.022240773024155724e-02
4.647339811951031741e-02
3.280648474038427853e-02
3.772860061035612778e-02
6.229451681798532647e-02
-2.274407400290425364e-03
2.111729297156621568e-02
2.742339120787989568e-02
1.903407626918794671e-02
-7.162454330446483067e-03
2.001827738221743230e-02
1.659272871495864540e-02
4.915808233567944829e-02
2.557258388565288379e-02
-1.739209308481546451e-02
2.135933130238049961e-04
-5.782055862610251812e-02
1.401531130136536444e-03
-5.532224558468192693e-02
-2.297696170775054281e-02
-4.981328244908615477e-01
6.006812149759942557e-03
-2.902713710258681204e-02
1.849270217471974675e-01
-1.308378909230592177e-02
6.409455617231378521e-02
-4.892077771399064301e-02
7.352843526482072400e-02
1.173869593615917001e-01
3.636605298731412916e-02
3.479270816074300776e-02
-9.250460177808731560e-03
2.587881707438376144e-02
-2.981611915157098350e-02
-2.606554512930465972e-02
3.104545873383026885e-02
-2.794047144199149346e-02
-8.747944710745074459e-02
-1.031564715195630415e-02
-3.312983657859633335e-02
-4.117051961922253700e-03
2.394318774777877586e-03
-1.329508116829010086e-02
-1.882603830457218672e-02
6.050397200091458053e-03
-3.940484620551421707e-02
-2.389394188484156994e-02
-1.572471952135696960e-02
-6.106303912987340321e-02
-2.993152479864893620e-02
-3.275993776482357539e-02
-4.130600430896937125e-02
4.571816825494893349e-02
-8.706224616635717395e-02
-2.263658800673045562e-02
-2.734253730041145622e-02
-1.786708123903745782e-01
-1.040136101709441263e-01
-8.110062306629175488e-01
-3.024558713699079249e-01
9.797915171347593155e-01
-2.690281544606719644e-01
9.327225334683625357e-02
9.827085835084989340e-02
4.863475184564255982e-02
1.035875744960724903e-01
-1.055251122974983913e-01
7.754671180777493976e-03
9.921217787430097745e-02
-7.491420777390626062e-01
5.621761015154549401e-01
-2.572635176687647351e-02
3.128515857854231169e-02
1.358938610703501471e-01
1.956792703756874904e-02
1.390915327987316541e-01
-7.531204224880953813e-03
4.827749631829317961e-02
2.051702284001927223e-02
-3.453128346956077510e-02
-3.770645663278785614e-02
-1.141693335394275421e-02
-5.332674910775581090e-02
5.070198809283011504e-02
-2.562840555749517149e-02
-8.463360793958375761e-02
6.154106664778624669e-02
-2.307922587622195792e-02
3.198827618517200988e-01
-1.059860629480031458e+00
-4.980160207964365315e-02
-6.721946007259162366e-03
3.277939953733158100e-03
3.749844044998210113e-02
3.842877814673065218e-02
4.542619888918194432e-02
-5.449041590476965541e-02
2.838428581246598553e-02
4.952183234105841936e-02
1.517792952044571542e-01
-3.811674272953219922e-01
-2.690042587453795805e-02
1.421830454974161440e-03
-7.838791924885920789e-03
1.002385468830383486e-01
-7.931908157093768216e-03
-3.533036954032244686e-02
-6.182509728431012652e-02
-1.516305345824391602e-02
-3.137288984611684428e-02
-5.188366838157271177e-01
5.468323846547475109e-02
-1.746655831697419559e-01
1.772921874220337313e-01
-1.505723794704593929e-02
5.332285144438136254e-02
5.252993263685457742e-02
8.152114487402824239e-02
1.377439003257723699e-02
-1.487093049202725115e-01
8.060673705792072152e-02
1.073456017276535127e-02
7.829251849424936904e-02
-2.961331072786236099e-02
9.859486430704661464e-02
-5.025862914344741278e-02
9.225134666692508256e-02
-9.026445516749276310e-02
-1.188624655927064677e-01
1.849558412976794186e-02
1.035462860449665456e-01
-4.340446449484032521e-02
-1.185940605020414096e-01
-8.513644964066584275e-02
-2.091803077027129809e-01
8.292412114136581136e-02
-1.429189768601398791e-01
-5.920039075084815999e-02
1.787953350054818924e-01
1.080006486292645063e-01
7.527056292168135543e-02
-1.328880239586715866e-03
2.522667589526004714e-02
2.350516113459887382e-02
-1.361392833490522244e-02
-3.814405005969918883e-02
-3.672336673037638471e-02
4.722243183364606411e-02
-8.321896886740646690e-03
-5.055748270574443870e-01
-3.030549647962033077e-01
1.964706074286476714e-02
1.158097225689738163e+00
1.395565650703459726e-01
1.129282679762557140e-01
4.132781517216532752e-02
-1.429531388146001395e-03
-1.377723722235175696e-01
-6.361335629713946171e-02
-1.225038061862459976e-01
-9.631206883007138453e-01
1.375624720663518874e-01
1.039290245732598233e-01
-2.989401376815335465e-01
-4.620531242848471276e-01
9.969383259446519541e-02
-8.706638852225656589e-02
-3.988406612789525962e-02
7.739794287178179688e-02
1.483547669597611030e-02
8.795725471802139095e-02
1.305675195311849501e-01
-1.516724491330427582e-01
1.789298438282384551e-01
1.037961835522104581e-01
3.569560377726384015e-01
3.704016133578223735e-02
-3.213373775944625838e-02
4.105886716709989531e-02
-1.318231973821644976e-01
-2.059415192950386775e-02
3.291841153763529204e-02
6.963759189996399090e-02
-2.124748278510583954e-02
5.015114195107967660e-02
-2.967061564066353699e-02
3.600014264076146359e-02
3.905538887706651030e-01
-3.269776956597712780e-02
-4.649194524736135342e-02
1.529586046636322895e-02
-4.103263924760048448e-02
-2.225475536103155988e-02
7.442416134542562123e-02
1.901544445444514064e-02
4.180627161354365934e-02
4.661387969663415010e-05
-8.807052469933052130e-02
-2.707045910804765643e-01
7.031503638676098178e-02
-4.126888363207307370e-02
-2.773811362516455381e-02
5.684513592717430758e-02
-3.546818919663798086e-02
-3.783475964565820998e-03
-2.009308371983335728e-02
-1.414424429523972876e-02
-6.759854362633870017e-03
6.641563870629214189e-03
2.908977435781545488e-03
-1.728001395771166376e-02
-6.231122926922350036e-01
1.055272453782437475e-01
3.888150725262867063e-02
-1.491627565136345035e-01
7.050248966482657031e-02
5.433104031273726375e-02
1.437904829095851267e-01
1.913405666194067933e-02
2.952842721097854832e-03
1.004973500890484345e-01
-5.223178206300137932e-02
-3.308347476808200932e-02
-2.528274380897498064e-02
-6.470462846899702192e-02
7.673799819616256013e-02
-1.590601884514562109e-02
6.073452524497516963e-02
-1.030816830566805842e-01
6.403198006350369065e-02
1.927136861890864361e-02
-3.327259000770747994e-03
-1.715832993385145722e-01
-5.605030294822730547e-02
-1.046897610821079239e-02
-7.910838475022845609e-03
-2.619175429407729072e-01
9.523039691146639729e-02
2.208435223802165115e-01
6.294198777379978946e-03
2.737292249250368459e-02
-4.557124942947777223e-03
-2.656850674013103500e-02
3.932248117420367867e-02
1.327191075663523012e-01
4.948458225098339991e-02
8.021548082670790225e-03
-6.672842120045190395e-01
-3.296201629222714757e-01
-8.557195902228431628e-02
-1.798738000747851853e-02
4.456470811438634910e-02
6.289494424824293439e-02
1.591173911415012965e+00
1.631259915202250277e-01
1.315087195613363902e-01
6.412836795571262571e-02
-4.503492450473857434e-02
-1.127231725284418007e-01
-1.128693494971163142e-01
-1.239020187808316104e-01
-1.114758603559056649e+00
1.294197311191454605e-02
-7.158493776378904890e-03
9.967952262799882612e-02
7.895072672988219520e-02
-5.392441839083730176e-02
-3.127328056850104954e-01
-3.106861418984525613e-01
-3.315263490082571707e-01
-3.406556194457449616e-02
1.725825807442516180e-01
6.083020361063427861e-02
1.718293098907498484e-01
-1.938195952508422470e-01
9.697941803981491304e-02
1.137899903621039377e-01
-4.257342019219346324e-02
6.247001370676559251e-01
1.821430848115271617e-01
1.696775104418359048e-02
3.675601167418844541e-03
-2.139382130639794211e-02
-4.303575061911294602e-02
-2.939359892421964868e-02
3.325990986184533260e-01
-5.411314013967555292e-02
8.748793575341821949e-02
1.120549908323930591e-03
-8.656082790724385981e-03
7.402180659557498765e-02
-1.640828244208050908e-03
-5.745720440633833408e-04
1.717388506887027738e-02
1.367121457530716747e-02
1.894868435723066208e-02
4.423995985857711588e-01
-2.572770010780069394e-01
8.066296342184385570e-02
1.737118472694716420e-01
-7.418269145451350521e-02
-5.503287815401310644e-03
8.091630662675193195e-03
3.295855438693166134e-02
-1.458995236119315156e-02
1.928266056828131791e-02
1.303681588433169489e-02
-6.169102246897299746e-02
-6.229725473561363580e-02
-3.925945494632770982e-02
2.761678085741573179e-03
-6.986435805053880371e-03
-5.228134951209022496e-01
3.065791055236374851e-01
1.865170368479365792e-01
-1.537761228304407035e-01
-1.687490861565602296e-01
2.282545168264972224e-01
2.288431651155271307e-01
2.551371308703444529e-01
-5.844684646681910234e-01
1.011313532830570239e+00
-2.048811050427340463e-01
1.115895236642729937e-01
1.384250631662273245e-01
4.327755895820165760e-02
1.515398277501884827e-01
5.173714002785441413e-02
-6.037345976739022513e-02
5.196977036028967156e-02
-4.442568536309952215e-02
1.223976548506731238e-01
-4.787704126953923334e-02
-2.323865782488148402e-01
1.316942225685835688e-01
1.261337895878039683e-01
3.074531033852488937e-01
-1.875672051615401986e-02
1.347579600099574858e-02
-4.483881186337874275e-02
-1.783893014821216413e-02
2.230710235275564640e-02
6.487362691924752900e-02
-1.126841100831126562e-02
-7.131990537788361617e-02
-1.106592980699319523e-01
-4.420407194815877405e-01
-3.199490339294538410e-01
-2.434397362994110969e-01
3.438214663772588553e-01
-2.434825970394813299e-01
-4.728805611822120003e-01
5.709715492387435615e-02
4.890059135127250434e-02
1.567406612767112684e+00
1.637408254059437851e-01
5.833260819743904535e-02
5.596076232212106490e-03
3.727907933732048634e-03
-1.146050169200631963e-01
-1.297073059332142231e-01
-1.183728083029104289e-01
-1.369638261822588632e+00
-2.316342440292165281e-02
1.027494871964305251e-02
2.016120253523059902e-01
2.437768267555839863e-01
1.570018156978425332e-03
1.651792827952839049e-01
-2.078287546492608995e-02
-1.933028698435678705e-01
-6.052595913371533465e-01
3.007970038865268037e-01
-3.605123508054778880e-01
-1.283568076098793587e-01
-8.214080749986420182e-02
4.607222921526550607e-02
1.283714955928378088e-01
1.911136142319340703e-01
1.563944413575446557e-01
1.660276724938850312e-01
2.585253833541901192e-01
9.668476528555884908e-01
3.566664169843080656e-01
-6.076067785898413981e-02
7.379953516175238870e-02
-6.095910057414759969e-02
1.301903525687760632e-01
-5.726498781899264784e-02
-1.589504153400632738e-02
-5.668415893852609549e-02
2.299460682345507573e-02
4.605099302711863907e-02
-9.869526636053872759e-03
3.001301586883886596e-01
-6.647054289232454671e-01
-1.276122407987451968e-01
-6.710360313000020283e-03
1.199013426086030509e-01
-8.439884824111293371e-02
1.303109146122062023e-01
-5.520704349149684748e-02
-2.717491324056384161e-01
8.138729436447311727e-02
8.350410012528222126e-01
