-1.078087563257661141e-01
-1.470696734936148553e-01
-6.651234227867486304e-01
-3.897620145581767725e-02
3.452668150613071724e-02
-4.824755046040598433e-02
-5.768675162393589045e-03
-4.521549948504738348e-02
3.976398726501655795e-02
-1.868575869134811440e-02
-1.629593607269131869e-02
2.330198257626023978e-02
3.682158470878704737e-02
-3.970856399274489412e-01
8.885062123671261247e-02
1.161796322464157954e-01
4.383192800629755886e-02
5.064144076794060978e-02
2.709451156692134835e-02
1.248005205935027728e-01
2.611452993820621155e-02
7.100177418735314702e-03
3.401744012428947056e-02
1.229212819349101080e-03
2.189880787487916841e-02
3.767585147909885412e-02
2.985489433516007318e-02
2.778284324753612852e-02
5.756568573368355674e-02
-2.887407730993627429e-03
2.448944294383115922e-02
1.977911565423200527e-02
1.127584417643918632e-03
2.176548319054479319e-01
-2.766977389737228579e-02
-3.096489709964567183e-02
-1.121241218976647483e-02
-2.122215384439530422e-02
-3.812012617881540416e-02
1.582629128594375059e-02
1.316765532495670944e-02
-2.898614760311178261e-04
-6.279900331310501321e-03
7.411986384089737194e-03
5.996965035869807059e-02
3.235697075334267869e-01
-1.123569864266147494e-02
4.715225144676983560e-02
5.757179157772698147e-02
7.677739306172420147e-03
-1.214775929976825465e-02
-2.161478563283434750e-03
-6.331664275019208143e-02
-1.883983863998221209e-01
7.120709739612698930e-02
-6.828676592465746098e-02
-3.654813973033355784e-02
2.036839828942414027e-02
2.014868968251200612e-02
4.612926129375716569e-03
3.716268866403489579e-02
8.724564293908044360e-03
-8.722836222613876422e-03
2.845420660944508393e-02
-2.251486295605724039e-02
-1.299839443342623579e-02
-7.648592184779803502e-03
1.132668500724224106e-02
-1.583190903582708808e-01
-5.390630395460341284e-02
-2.179249735903268648e-02
-1.369625458417061611e-02
-1.075484791631706356e-02
-3.171402949395921850e-02
3.697900238474241541e-02
-1.966915075321784903e-02
-2.327774771891826661e-02
-1.296420524565149515e-02
-8.740754708369521953e-02
-4.856677799586485780e-03
-2.766954065095365498e-02
-5.323537893631494211e-02
2.452427342488058479e-02
-5.770263218077957557e-02
4.959368041353932194e-02
6.170631327759065754e-03
-3.002386690732381305e-02
1.040869893504153300e-03
2.029069250353143436e-02
6.453916375381295312e-02
9.646444003281320206e-03
-6.928159739179931380e-03
-3.083142477864556086e-02
-1.343160525906373914e-01
-6.525030897816677666e-02
2.254817198309544760e-02
2.029429379891976026e-01
1.238799925867088148e-01
6.790666965870852112e-02
5.897975584788377190e-02
-2.786415569551170188e-02
-1.009154163218673184e-01
-1.060689627312451228e-01
-1.376417312445345764e-01
3.026860366783949985e-01
6.717651280677801318e-02
5.294526463050856779e-02
-6.314589841340202681e-02
4.261692032933089846e-01
4.829973919017601595e-04
2.252252888024315960e-02
-1.043737818781590929e-02
-4.814627516328137680e-02
3.625063743228895685e-02
2.462184593909395175e-02
4.069428640724393614e-02
-1.704000862372796743e-02
6.191021467733155703e-03
2.317891998691790079e-01
4.753350460566135860e-02
5.156745649229925454e-02
8.435983909631109001e-02
-3.731754825951437426e-02
1.184019742900518229e-02
1.323781667459905274e-03
2.327621884839317645e-02
3.485417107503416961e-03
-1.232281405601261259e-02
5.796793301256262382e-02
2.931008611352260013e-02
-4.100662120287834611e-02
-4.691239116794039543e-03
-4.995656380130010510e-02
1.039505727494070657e-03
-3.726386725467573796e-02
-2.499900276255109452e-02
-2.419364102072444158e-04
-1.022514757372327155e-03
-2.274010805464132812e-02
6.632658950413707066e-02
-6.241091352917648577e-02
-1.504443053416437866e-02
-6.472014796722662389e-02
-6.084973441617973905e-02
2.324731653400058731e-02
1.127265705736695683e-02
4.400481800053989700e-01
1.064773798831493553e-03
-3.813038890122272956e-02
-2.387653883358877016e-02
1.476412343284345952e-02
-3.195225374757795778e-02
-4.556447358881045469e-03
-1.526387983117249211e-03
-1.978574958000484663e-01
3.270156554886981259e-02
8.911472886165033858e-02
2.817247046815126582e-02
-2.800396280183021364e-02
6.748645961005847113e-03
-1.009768841496986591e-01
-7.575844462966097731e-03
1.290019042135241885e-02
5.597330072250954192e-02
2.927932416685426545e-02
6.290914920529878766e-03
4.503084376897487084e-02
1.505228412452219895e-02
6.066427700011261734e-03
2.221100607969659496e-02
-4.348839852461898470e-02
-8.507715342887790105e-03
-4.541684545946705204e-02
5.998235536580235954e-04
-2.988542664063833718e-02
2.672388369455496945e-02
-2.001793198278961280e-02
-2.445143149525674450e-02
-2.766867223175389912e-02
-7.057975154433968057e-02
-3.460476167755182231e-03
-1.561681629159914764e-01
2.874442045526664005e-02
-6.350744210476028107e-02
2.224958676598201915e-02
-5.900721388370661416e-03
5.542727912918344116e-03
-4.453076722348139893e-02
-1.997390791041953745e-02
-6.900871148584600268e-02
-4.081750089590664710e-02
-1.193178028212615038e-01
-1.255137208143767280e-01
-3.212682307329195464e-02
-1.140023181232050070e-01
-3.638746007477570293e-02
-2.736600789258541444e-01
2.114036708491099925e-01
1.302255357282869341e-01
8.899954725827173563e-02
-5.994086220588416836e-02
-8.105623827541882931e-02
-1.018252485864838824e-01
-1.003171939597360535e-01
-1.303128545838873886e-01
1.552102378575178909e-01
3.780607603875198869e-02
1.736757355869482100e-01
1.719659995490818022e-02
-7.032398234792236469e-04
-1.022744721531186340e-01
-1.445810370121645427e-01
-6.177130952696858329e-02
1.846131121559816957e-01
5.388901284134718986e-03
-4.069409798658386174e-02
1.917582331377926455e-02
-2.421529782864215857e-02
-5.954713902794067648e-02
2.223281208523276986e-02
3.601997431119131204e-02
-6.609371310051571635e-01
2.264793399442255051e-01
1.159442129122671217e-03
3.908666898624049701e-02
3.079850846695253268e-03
1.492548228992495937e-02
-5.116903120483671380e-02
1.005216362794499607e-01
9.816082131884659723e-03
-2.940719195090504487e-02
-2.197129129133689341e-03
1.493697456148392576e-02
2.777265562789960063e-02
-1.743691522668798510e-02
-2.816323038325151823e-02
-2.672465665016512601e-02
1.246589407021657034e-02
-4.811530324244536749e-02
4.054414859441815566e-02
-3.206316125433818914e-02
-3.807733504100542510e-02
-2.990683043499792193e-02
1.233267891310530287e-02
-2.443567143192832379e-04
1.035368120940547126e-03
5.150070013370758315e-02
-2.919672029711113323e-02
-8.356685800547804244e-03
1.131125799232721163e-02
2.265349365756519698e-02
8.370769524086506957e-03
-8.482045503379899085e-03
-3.871871771275160311e-03
-1.498387402985310209e-02
2.351350485589194794e-01
6.878263942021355104e-02
9.117657307768367581e-02
2.930765650151079954e-02
-6.096530580246739550e-02
-2.241160319167436604e-02
-6.872747374723937874e-02
9.335783693690852258e-02
-3.415825851628943033e-01
-8.433424903998244793e-02
-2.449208397259192982e-01
1.336787697020467014e-01
5.338341116438050787e-02
1.038480797247555779e-02
2.369332853109665585e-02
2.712513507036882696e-02
1.975821374965797822e-02
-3.409209742304727953e-02
4.982971393045331626e-03
-5.356422202362874641e-02
1.979254413637594398e-02
3.206712033746160484e-02
-2.074658877326912218e-02
-7.071780222844414876e-02
-3.076302894496659585e-02
-2.886473972849731146e-02
-9.887603802393742612e-04
-6.720537233234911978e-02
-4.021162201880550124e-02
-4.176358588741751338e-02
-5.097486711600306142e-02
-7.081226990380910455e-03
2.827356738510426737e-02
7.849169521741437838e-02
-4.389885765200995937e-02
-9.457190515948921128e-02
-6.309944256686873809e-02
-9.347693769118961549e-02
-6.431624654948556175e-02
5.263343366170659086e-03
-1.013045464899135911e-01
-8.324564214643961901e-02
-4.953829929256555742e-01
1.882113010132209774e-01
1.022638197420146361e-01
1.384550814504834637e-01
-7.455600363002735931e-02
-7.402722102459234621e-02
-7.706245685740589768e-02
-9.518607644071844232e-02
-1.762393583986274770e-01
1.653663707188242071e-01
7.048160942386284822e-02
8.635970256416353186e-02
3.663541988917416031e-02
6.760937045836749870e-02
1.102931671334190511e-01
7.817128515170594649e-02
2.332546115466257661e-02
-2.196733831998629385e-02
8.504254098962404917e-02
-1.059502088460616692e-01
2.972082211390711937e-01
-1.091197663227344572e-01
-4.357489650376437929e-02
1.086203264299713880e-02
5.060118162657167157e-02
-4.799279948027414949e-02
7.057209301291689219e-02
4.446730577191463502e-02
5.168331930444788336e-01
5.728400505420479238e-02
1.254636914552612614e-01
-3.899628104942651219e-02
-1.107189829856543642e-02
-3.379156669099990518e-02
-1.331202727490415731e-02
-4.037275361574602789e-02
2.051618866839057670e-02
-4.380502005674116045e-02
-7.788632212986465464e-02
-1.040261406957870317e-02
9.284717101841405418e-02
-5.071785130553564669e-02
2.657660590375017159e-02
-3.776343454207575084e-02
4.111209554243090009e-03
9.666652568012532032e-02
-1.067002941152242826e-02
9.516393000767698132e-03
-4.233116482358308119e-02
3.114244237205486890e-02
-9.588199783700450396e-02
4.259249924314217894e-02
-1.071119845693799082e-02
4.205346488119079962e-02
-6.761097987684931698e-02
-1.522842855224473130e-02
1.661120012273369084e-02
-5.598858717125075601e-02
-1.105648300566298460e-02
-3.006323049460392360e-02
7.499778065520420166e-03
-1.533175151650555471e-02
-3.446131264861517635e-02
