3.537843623714752028e-01
9.210682868510294830e-02
1.020320670081265313e-01
-1.106938564791787143e-03
-7.614565334990489043e-02
1.613677105766930520e-01
9.186459085262972668e-02
-1.883518255071348624e-01
9.599690251064068036e-01
-3.414179178244509116e-01
-4.446238593905460501e-02
3.753336299012650229e-02
5.664140648319218596e-02
2.324001383527325802e-03
3.192227573505546090e-02
5.630250662810547951e-02
-6.677255323317439484e-02
1.047475531575775554e-01
4.006689131032573625e-01
9.484271518205592000e-02
-2.229598892293448934e-03
1.834299663481330292e-02
1.956149141235949129e-01
8.604363422897311209e-03
1.881494385686519055e-02
2.896749969066449160e-03
-9.326632748954243046e-02
-1.026511563402250984e-02
-8.419574676000192437e-03
5.075758863089991496e-03
2.293488600690937393e-02
-3.406738163235686900e-02
-1.272998533302312565e-02
2.859515245228505184e-02
-8.411623489858868763e-02
4.686133658023360765e-02
-6.524904913784503047e-02
-7.120787938943554107e-02
-1.022885455556500275e-02
-7.417746030908033139e-02
-1.215099116927889286e-02
1.020412119652232795e-02
3.425395704730039848e-01
-1.782202773556437053e-02
2.061490250128625301e-03
1.431342339052230420e-02
-3.072190684325160417e-02
-8.247200577748553529e-02
-9.406202029446186774e-02
-5.217177847982364114e-02
-3.016628508964206423e-01
-5.042264965272022503e-02
-1.819159705077364429e-03
2.266730192164207597e-02
-5.779267232558195355e-02
9.699698091589985249e-02
-2.196598335614064618e-02
-1.663887379427184676e-01
2.142268580645495801e-01
1.511503960662980914e-02
5.489036038018297800e-03
1.221991781554627454e-01
1.281045081451770984e-01
8.360788416424244640e-02
2.973302834497758285e-02
1.109627620378811491e-01
3.100790230644662193e-02
2.463384837338165878e-02
2.519820784343147768e-02
-4.301233368383639011e-02
-2.088996357093389142e-02
-8.058887212194637550e-03
-1.373151946603386013e-02
8.683201246204655388e-03
-6.468714300739576706e-02
-3.214497711777185990e-02
7.229447875374579724e-02
-7.211190648151898086e-02
1.701545087954349847e-02
2.620131157644835576e-02
-5.279837491860206455e-02
-9.565494174649734685e-03
4.407040491896277445e-02
4.812743515730703858e-02
7.273979078332956302e-03
1.268912203911878034e-01
-1.868791052243626571e-01
2.805258825512971926e-03
-2.331133204948730719e-01
1.494329857746892753e-02
-6.670841999068805039e-02
-2.208624933354911835e-01
-1.540342977289267494e-02
1.441952677586698928e-01
1.381917483159268989e-01
6.143084728378322285e-02
-8.743098002770956570e-03
-6.156043286394340813e-02
-1.376603277254794810e-01
-1.145239655984333776e-01
-3.909456723394493793e-01
2.020520438017473219e-01
-2.071951460008201323e-02
1.380282913787742316e-01
3.902550460874527199e-02
-2.775607906794440027e-01
1.010117126169903568e+00
1.827184005250875876e-01
-1.265375657936456677e-01
3.777267336025499217e-02
7.819724076149713043e-02
-6.508473261627889528e-02
9.675477080029361299e-02
1.014517005249582493e-01
1.024388745780681776e-03
-1.594922377071221822e-02
1.673682524865032217e-01
1.653126385350011662e-01
3.246751662095295667e-03
-4.535526620937561232e-02
-2.174826347346929881e-02
5.922474051331523548e-02
3.464851169748071197e-02
5.190194804050535932e-02
1.338335267706974863e-02
-1.720924979449954713e-03
3.958767799996007475e-02
-5.561318164671327779e-02
5.602186579885527068e-02
-4.953901708993717345e-02
3.810158894508108851e-02
-4.571207815462469820e-02
-1.830804732687033552e-03
7.607724027511574005e-02
-1.223700356162412198e-02
8.739771815603148081e-04
7.518964533072861056e-02
-4.031885493815987737e-02
8.599480804185775321e-04
-5.761467240036255433e-02
3.556284315980010220e-03
-1.976434865394975995e-02
1.178057250539189978e-02
3.102465673296591828e-02
6.264216171489837837e-02
8.714308600476403099e-02
-4.749291457243901698e-02
-2.044281267538707730e-02
-3.691263909756418299e-02
-4.873675243574206173e-02
-3.971531816622794753e-02
-3.465229842404552452e-01
4.250188477035519996e-02
1.133467053182663775e-01
-1.142485459231739383e-03
-1.153692542673482035e-01
-1.441284003534537284e-01
1.651730319810129355e-01
4.918150325625456065e-02
-3.032355710390612080e-02
8.482929878870644480e-02
1.315872636047135495e-02
-1.281752168130197503e-02
6.916833732923087508e-03
-6.291867088482511194e-02
7.222702549556788212e-03
9.354331678622497190e-03
-9.262735320300012620e-02
-5.230667050898660936e-02
-5.804231424714828558e-02
2.463577435768538222e-03
8.033870019951235356e-03
-1.556192556930852122e-01
-3.157441150922946430e-03
7.481510542391631158e-02
-4.687659532801571188e-02
-5.297626606248247855e-02
-5.134150276337701158e-02
-4.556988784191123160e-02
1.702310763953781073e-02
3.654253964412935290e-02
4.481822640983254558e-02
-1.267703363177116044e-02
4.017366519803142882e-03
-6.979735665678721279e-03
-3.406220229170163483e-02
-2.386282121063253159e-02
2.598218057872910339e-02
-1.940158341599850997e-02
-1.186599468056918905e-01
-9.276089808611169552e-02
-1.000114421838384504e-01
1.144410581758152912e-01
4.789146408113128528e-01
1.891687988408395915e-01
1.491759098158941532e-01
3.102202545809843587e-02
-5.821409120535109283e-03
-4.469362871977842350e-02
-1.369841214068376889e-01
-1.174288464457451109e-01
-6.670927241789048612e-01
1.524763851008547055e-01
-1.133590413978029648e-01
4.501778249069769977e-01
6.699023012560777202e-02
-1.750145624474490347e-02
8.466017984325954759e-02
-8.034868576127567052e-02
1.300772356605517099e-01
-6.685072418711107689e-02
7.211072659886033631e-02
-1.533831413929659729e-02
-2.704927385155967562e-02
4.808828692475098504e-02
1.329971752829428866e-01
1.647153092025202548e-02
-3.284650886162245043e-02
3.209765695307399691e-02
1.860770302885787937e-03
-4.440388909237749648e-02
-4.290015049299184674e-02
1.043793619613755663e-01
2.562691920117532440e-02
5.633116752421384044e-02
5.206360257630184701e-02
5.882756265662662798e-02
5.280412455076664673e-03
-6.749639588382846944e-02
1.322193880433716884e-02
-8.864096842002096646e-03
-1.128682479250483345e-02
1.493207978022559335e-02
-1.548779681021407797e-02
-5.076031639438221416e-02
-2.134114849355654708e-02
-5.214578383385599231e-02
8.775879618303245727e-03
-3.924418742453854997e-02
2.399747663863616501e-02
8.174762284366086929e-02
-1.128172906189823382e-01
1.168196913113293475e-02
-7.212900560705118140e-04
8.441402850244383860e-02
1.852110494635830426e-02
3.190017884536804765e-02
-3.472287643144138323e-03
9.447125213052966555e-03
-1.371106238633499827e-02
1.931024870018791537e-03
-6.652683967509181659e-03
-1.147566168864220942e-01
1.591744255219628701e-01
-4.898529730341383281e-02
1.170211576867398184e-01
4.060896750944845146e-02
-1.159500054065716471e-03
-6.332716152087619794e-03
-1.689372242260427787e-02
4.533124340542278585e-02
3.224205835551919447e-02
1.289802656246937483e-02
2.809655723308181891e-02
-1.241840252762918817e-01
7.571264111165411370e-02
-2.402968690597151111e-02
-3.470008451690040352e-02
-4.766264331604042753e-02
4.977563551787299312e-02
-7.719938139013736260e-03
-3.619214829501765651e-02
2.353616457883297292e-02
-2.715542665817769451e-03
3.552601760055682650e-02
2.930804430399106333e-02
-3.089911533863748741e-02
-2.456035821468145058e-02
2.427924386617218849e-02
-4.351318363764924285e-02
-9.737711420067550472e-02
-1.083177781159567893e-01
-4.531249808106006111e-02
-3.183707212726907820e-02
6.490823813600049563e-02
1.828326299898040685e-02
3.226482249716546014e-02
3.674306819093225290e-02
-7.130159493826708494e-02
-6.718196216259967463e-03
-1.074623172460259339e-02
-1.700105273964337693e-03
-2.419546019532781145e-02
1.989226759724500304e-01
-6.842285428662635283e-02
1.755911457149655353e-01
1.106638180293399859e-01
8.308614091138155633e-02
9.049155619272246376e-02
2.698341979411943842e-03
5.324965440951677509e-02
1.705796001789638278e-02
-1.924745837541211573e-03
2.386052034872375438e-02
3.799123459485114623e-02
-1.502976394013196470e-03
-1.173733662537122455e-02
2.573513205429334150e-02
-2.893001539067564798e-02
-2.286822904791329519e-04
2.627992898351982215e-02
-1.383435795641761029e-02
1.321887710749567596e-02
-2.227797258996461888e-02
-4.821666644291867920e-02
-9.767278331529672536e-03
-2.297900429745278542e-02
-4.179099833642523423e-03
2.195604545895380247e-02
1.268140261834764439e-03
5.086111852689775489e-03
-7.343497922787227405e-02
-5.658532751927665416e-02
-2.084192517574638866e-03
-2.830085912373377366e-01
5.528993330332438588e-02
-4.389493919511669451e-05
4.349759942802799290e-02
1.692336299504643843e-02
-1.647685539935465210e-02
-2.971887315178120201e-02
-3.917595009821550622e-02
4.514740052049355523e-02
-7.193335220801674174e-03
4.657832780290500213e-02
6.627228946307475721e-03
-1.130489944929042104e-02
-2.537762593913539186e-02
2.444734607229359299e-03
-2.463330121812640217e-02
-1.458020138028227192e-02
-3.111119366425337852e-03
4.793717049116115458e-02
-4.772629517937326121e-02
-3.641611942514611650e-02
-2.558618678357371667e-02
