-1.438642204180045348e-01
7.080898374726549149e-02
-1.296325791488488477e-01
3.381816965940266650e-02
-1.376500526555690662e-02
4.727813781867859499e-02
4.820219497734588160e-02
1.006921087983691926e-01
-3.547562525465199762e-02
4.725392823860271457e-02
7.736878505100354408e-02
-1.195354578193440626e-01
2.472947542665171472e-01
1.063380389494877343e-01
-6.973449499224392001e-02
-2.043882980969049384e-02
3.726275036014751324e-02
-5.798521669134729800e-02
2.889168638685545368e-02
-5.710109752628825253e-02
3.711239045152462529e-02
3.116272657607681296e-02
7.261075997978676255e-02
-5.909749379809101089e-02
-3.233409731286467081e-02
-5.525865679880181264e-03
-1.164991541054095914e-01
-1.422735850530578716e-01
2.429385769832078379e-01
-4.229980131434694923e-02
-1.992731770452310647e-01
-1.221344685032403343e-01
7.433962998973718539e-02
1.159884896205698901e+00
9.467117957200883727e-02
8.116643778550708399e-02
2.291651221462239624e-02
5.503391808416959949e-03
6.098250392867477637e-02
7.661076342938280548e-02
4.540218261136627631e-02
2.752674855423381875e-02
3.139719836374414708e-02
-4.826454559250642311e-03
-7.266577842324809487e-03
-6.690048931718376585e-03
1.867079876489437240e-02
-5.112872428733573893e-03
2.225821429150024594e-02
6.217454701293909959e-03
-2.742894102462695508e-02
3.046174262813357986e-02
-1.460838162046577786e-02
-2.441508745078414550e-03
-1.708362872923167158e-02
-2.008234447955365570e-02
-7.226504769672065231e-02
-4.259260274431819066e-02
-2.598390170274665623e-02
-2.550089911523544806e-01
-9.015907629794765732e-02
1.981002742766157718e-02
6.312207969784182013e-03
1.129790461939477429e-02
6.143656095142772944e-03
9.716923885945836364e-03
-8.411227063057524767e-02
-3.639355782358293795e-02
-1.392492807532463156e-04
1.536239200693161229e-02
-8.238262642237131200e-03
3.207263220066713678e-03
3.211842626457511642e-03
-4.447553481657180730e-02
-1.242117519651349256e-02
-1.690024500598161575e-02
4.360189092442970371e-03
1.698468297470244253e-03
5.456228689013940814e-02
-1.520652577655350057e-02
3.372266181953780667e-02
-5.122439006742380424e-02
-3.027827442126157856e-02
-4.962343180559743161e-02
6.857064306494495103e-03
1.828223150444516221e-02
-6.848509852389464414e-02
-3.968844485457648924e-02
-1.000512510655252041e-02
-2.045566996142085536e-02
-1.284603714498021645e-02
-9.812414149706521690e-03
-3.955637036955221564e-02
-8.545174865187223079e-02
-3.759103116454533267e-03
-8.790224060422960339e-02
-1.008255410173976574e-01
-1.370030304443276559e-01
-6.748855907227708784e-01
-2.291350236825484832e-01
1.688011261672119068e-01
-1.069506810275049069e-01
8.570489478590570531e-02
1.665203692311793132e-02
7.491572513354456675e-02
4.087390995555819501e-02
-5.240050706215454435e-02
6.386786008014834481e-02
1.307343554113658823e-01
-5.380352869030758933e-01
2.840204936646838485e-01
8.115414002162450735e-02
5.310961785232077605e-03
4.058302094891969025e-02
2.324476671579930875e-02
1.227513561386892917e-02
4.851166771966465216e-03
-2.644184456106283762e-02
2.378785965873517899e-02
2.720001744022141482e-02
4.396962728552192452e-03
7.555042855368942004e-04
1.358526775116288693e-02
6.432668418356503326e-02
4.746706699667931073e-02
-6.846559904358817672e-02
1.058528431842656187e-01
-3.833382724132378822e-02
4.253655491685563034e-02
5.191863426502555390e-01
-2.917049782778970667e-03
-8.363130542170799098e-02
5.032374720130017298e-02
-7.046994816029196473e-03
1.436580030691103627e-02
5.347333110196571260e-02
1.324856502097693581e-02
-2.327148792936468633e-02
8.307353919172105750e-02
5.493629974338930938e-02
-5.438108115934087855e-02
5.839416816697609036e-01
-1.290219315093277426e-03
2.291623212552872449e-03
-5.006665103322815308e-02
1.916061663755994115e-03
-3.181463103717832586e-02
-8.309368367850095138e-02
-6.013476293265024308e-02
-2.910812761157641759e-01
1.374912490929266484e-01
1.683683014237858377e-01
-2.623206576825975467e-01
3.829543425849586680e-02
5.929953720862622679e-02
1.523566733053254886e-02
-4.072751839881533567e-03
9.597679316195764643e-02
9.848668939007845791e-02
-3.294770890123459306e-02
8.048955058641142635e-02
1.562135923406624471e-03
6.703736805114145561e-03
-9.672139425990401718e-02
2.401050158910303812e-03
-3.932624181848718564e-02
-1.703150832891041355e-02
7.286609712979201514e-02
-9.956689430865601348e-03
-6.524962891115347607e-02
-7.595147777196736838e-02
-4.618829846444424958e-02
5.044145434540459744e-02
-3.087614783046950875e-02
9.326136066211805631e-02
4.342240880848853568e-02
4.921339114135529769e-02
4.486583494606446662e-04
-6.245141821164576501e-02
-1.827210552087767115e-01
7.846032489374299423e-02
-6.327174891492914899e-02
3.606775040348448973e-04
1.976249481946990710e-02
-4.247784131445819095e-02
4.890330180678896521e-02
2.970982558868023871e-02
2.056453891518912960e-02
-2.777419485895967627e-02
-2.674135204005727018e-01
-2.262590582139337725e-01
-2.170988958463258012e-01
2.163668692059408649e-01
8.168583801249124088e-02
3.856393179444386754e-02
-1.546687858073789688e-02
-4.555473913147008169e-02
-9.048936390569488342e-02
-1.107529172904287290e-01
-1.523034505772632163e-01
2.394876802535955418e-01
1.879858809315895218e-01
1.828057169400584825e-01
-2.466718757521490779e-01
6.768427800551224394e-01
-9.784029662245265213e-02
-2.255945464793314773e-02
-5.748668289781745655e-03
9.003382618118095648e-02
-2.203837513571182266e-03
3.605679764649761393e-02
7.991122001419372067e-02
-1.175398826595050461e-02
-5.723430164924038499e-02
4.150058369771379985e-01
9.914388487770273151e-02
8.781586542105568327e-02
6.170302149157787241e-02
-3.435076628438200191e-02
2.555283231439444205e-02
8.708108072386368248e-02
-3.039607948835573378e-02
2.835181205391092835e-02
-8.227191023722751212e-03
9.201411127673215368e-03
2.659505840327576476e-02
1.055417092973724297e-01
-1.143444183030052456e-02
-3.312328650265002755e-02
3.344398559209173921e-02
-5.101556212434792820e-02
-2.652084091050177159e-02
3.605563505698733406e-02
1.088783879333224056e-02
-2.205319992428783279e-02
1.666319919040142039e-02
-5.759680757128736450e-02
5.220046688404848118e-02
-1.445080951558224414e-01
-7.193966140615951597e-03
1.861433357991185839e-02
7.179189387802487055e-03
5.840883380321131302e-01
4.102094861404320669e-02
1.402332917547120632e-02
4.663070398960503238e-02
4.642142012480168084e-02
-1.191926384937510436e-02
-3.274238542247241007e-02
3.975158070571573748e-02
-4.830924416754415196e-01
5.913238262789183297e-02
6.249697879404222944e-02
-3.782285671861418397e-02
-6.192161147981600083e-02
2.299146160888463075e-01
-2.331333849479228643e-02
9.670211509383937545e-03
-1.997451562281132853e-02
4.174413940899024400e-02
9.909369237376855488e-02
1.460079819988645972e-02
7.497007652704017200e-02
1.542308290667547890e-02
4.097586348068041340e-02
5.951902093469277344e-02
6.082051537566177980e-03
6.241956469142943137e-03
-9.522843222294040400e-02
2.971543201382165905e-02
3.861347690403698490e-02
-1.168198896183061768e-02
-5.509599020791466212e-03
1.262834563249458641e-01
6.386135166691872533e-02
-9.459143600739275404e-02
-4.387597080251327830e-02
-3.975853061871996719e-01
1.423076208042713987e-02
-5.479469930800616451e-02
3.158773271707906311e-03
1.038942372944518661e-02
4.202641548557702750e-03
3.172632735598535092e-03
5.342924588420444598e-02
-4.206113525560133820e-02
2.241076452955181528e-02
-2.586167382787734614e-01
-2.815491190262003340e-01
1.779134113599352696e-01
-6.443499224851607921e-02
-1.304591940877122547e-01
-4.333897244091503009e-01
1.618412546755121917e-01
1.287269543319687903e-01
5.058143464136724554e-02
-2.116298127399061577e-02
-1.043882291283248012e-02
-1.308061547948590475e-01
-1.136724946365333250e-01
-1.325927979004108137e-01
3.298414739251581684e-01
5.370985864286523248e-02
1.366356949921647135e-01
5.364701438027804498e-02
-6.351277747363121007e-02
9.627945973083285036e-02
-2.725739138885915902e-01
-1.580093711964356551e-01
7.281238684027414865e-02
6.196693356274818321e-02
1.358587373757006583e-02
4.516774908576462466e-02
5.360886369056423045e-02
-4.592109952831187336e-02
4.633625303714544730e-02
1.099323490098078893e-01
-9.554217535491232871e-01
2.845151604910476362e-01
-3.399505389915178505e-02
-9.480956120818234342e-03
4.646947979768568937e-02
6.504771405490367142e-02
8.938691408243074066e-02
1.390160473302690380e-01
8.280166056861835988e-02
1.071269463588033280e-02
2.011874949273247115e-02
-4.158089343933070448e-02
-1.055455564438589205e-02
7.228137988631044841e-02
3.858296415710650573e-02
-5.338167449788268348e-02
1.294594721071269357e-03
2.913373057407627614e-02
-1.991697897684045759e-03
-1.415907206588599698e-01
-2.661045326787330259e-02
-2.022358353667355613e-02
8.307692782284579330e-03
-3.238414320455670035e-03
6.984946594534467701e-02
-3.957490100228415117e-03
8.170307196104520386e-02
6.176529633149480808e-03
-3.868846702581115599e-02
1.784528554185330421e-02
-2.791852330980786751e-02
-1.294736265134320205e-02
1.540459960174104387e-02
-3.932215526415204498e-02
-2.207297132029444053e-02
-9.197971592885526015e-02
9.537464717994881269e-02
4.570990535036183362e-03
-1.153170582384166060e-01
5.548077505235430446e-02
-1.252472868173126197e-01
-4.560183521116887261e-03
-2.793509238395489036e-01
-6.527551873283869710e-02
-1.605820855083554266e-01
-3.744741061606987609e-02
6.652527774651446901e-02
9.719134663020904952e-02
9.444876286828635115e-04
8.470175282368981595e-02
8.012241859807661681e-02
-4.293832635280495080e-02
1.614749081258858715e-02
-4.052623797082759161e-02
1.478135915892165586e-01
7.104862125522548588e-02
3.943591492284303363e-02
-8.649662831799691254e-02
-2.051334146871455072e-02
-2.433694346458227173e-02
4.400223229637483663e-02
-5.397250877278178191e-03
-1.924378780477553619e-02
1.140681385660602138e-03
-5.838429592686340819e-02
4.012198382506233785e-02
-8.440449807262874471e-02
-3.432771101068411712e-02
-1.596758204194134723e-01
-1.682207970521109042e-01
-6.273926636604799933e-02
-1.635154973147264490e-01
-6.472680961264712374e-02
2.152707170891861310e-01
5.115167559228946115e-02
-1.274654881010807428e-01
-8.250012727030751891e-02
1.595469365262274231e-01
1.186397840514677865e-01
4.563609008454433402e-02
-5.747542579096205639e-02
-3.476221452847731014e-02
-1.070203323005635143e-01
-1.320912126105889262e-01
-1.731468040636754413e-01
9.998613087331638394e-02
1.738997891476610352e-03
8.590526982157345448e-02
6.840221076710839565e-02
4.132497304030569724e-02
